1.000000e+99 
1.600000e+01 
1.000000e+99 
4.400000e+02 
1.500000e-03 
1.000000e-03 
0.000000e+00 
0.000000e+00 
0.000000e+00 
5.000000e-06 
0.000000e+00 
1.000000e+99 
4.500000e+02 
1.300000e-03 
1.000000e-03 
0.000000e+00 
0.000000e+00 
0.000000e+00 
5.000000e-06 
-8.726646e-02 
1.000000e+99 
2.900000e+02 
2.000000e-03 
0.000000e+00 
0.000000e+00 
1.000000e+99 
3.100000e+02 
2.000000e-03 
0.000000e+00 
0.000000e+00 
1.000000e+99 
1.800000e+02 
2.800000e+02 
1.000000e+00 
1.000000e+00 
1.000000e+01 
1.500000e-02 
1.500000e-04 
0.000000e+00 
1.000000e+99 
8.000000e-02 
0.000000e+00 
0.000000e+00 
1.000000e+99 
1.000000e-03 
0.000000e+00 
0.000000e+00 
2.150000e-03 
-2.100000e-05 
3.000000e-07 
1.000000e+99 
1.000000e-03 
0.000000e+00 
0.000000e+00 
2.150000e-03 
-2.100000e-05 
3.000000e-07 
1.000000e+99 
2.180000e+02 
0.000000e+00 
8.000000e-02 
0.000000e+00 
0.000000e+00 
1.000000e+99 
2.330000e+02 
0.000000e+00 
1.000000e+99 
1.000000e+99 
1.250000e+02 
5.650000e+02 
6.890000e+02 
5.061905e-02 
1.048008e-01 
4.907223e-01 
2.000000e-02 
0.000000e+00 
0.000000e+00 
3.000000e-04 
0.000000e+00 
0.000000e+00 
9.111616e-04 
2.515104e-05 
1.000000e+99 
2.000000e-02 
0.000000e+00 
0.000000e+00 
5.000000e-04 
0.000000e+00 
0.000000e+00 
1.654706e-03 
2.179856e-05 
1.000000e+99 
2.000000e-02 
0.000000e+00 
0.000000e+00 
5.000000e-04 
0.000000e+00 
0.000000e+00 
8.576221e-03 
8.380911e-05 
1.000000e+99 
1.000000e+00 
4.870000e+02 
1.130000e+02 
