1.000000e+99 
3.000000e+01 
1.000000e+99 
4.900000e+02 
1.100000e-03 
1.000000e-03 
0.000000e+00 
-0.000000e+00 
0.000000e+00 
2.000000e-07 
0.000000e+00 
1.000000e+99 
4.000000e+02 
1.600000e-03 
1.000000e-03 
0.000000e+00 
0.000000e+00 
0.000000e+00 
5.000000e-06 
-6.981317e-02 
1.000000e+99 
4.100000e+02 
3.000000e-04 
0.000000e+00 
0.000000e+00 
1.000000e+99 
2.000000e+02 
3.000000e-04 
0.000000e+00 
0.000000e+00 
1.000000e+99 
4.000000e+02 
8.000000e+02 
1.000000e+00 
1.500000e+01 
1.000000e+01 
5.000000e-03 
2.000000e-05 
0.000000e+00 
1.000000e+99 
2.000000e-02 
0.000000e+00 
0.000000e+00 
1.000000e+99 
1.000000e-03 
0.000000e+00 
0.000000e+00 
1.100000e-03 
0.000000e+00 
-1.800000e-08 
1.000000e+99 
1.000000e-03 
0.000000e+00 
0.000000e+00 
1.100000e-03 
0.000000e+00 
-1.800000e-08 
1.000000e+99 
3.080000e+02 
0.000000e+00 
4.500000e-02 
0.000000e+00 
2.000000e-06 
1.000000e+99 
1.500000e+02 
0.000000e+00 
1.000000e+99 
1.000000e+99 
1.700000e+01 
4.640000e+02 
4.800000e+02 
7.785108e-02 
6.871147e-02 
7.785108e-02 
3.000000e-02 
0.000000e+00 
0.000000e+00 
1.724138e-04 
0.000000e+00 
0.000000e+00 
2.339544e-03 
5.562415e-05 
1.000000e+99 
3.000000e-02 
0.000000e+00 
0.000000e+00 
1.724138e-04 
0.000000e+00 
0.000000e+00 
2.266786e-03 
5.571374e-05 
1.000000e+99 
2.100000e-02 
0.000000e+00 
0.000000e+00 
1.000000e-04 
0.000000e+00 
0.000000e+00 
2.339544e-03 
5.562415e-05 
1.000000e+99 
1.000000e+00 
5.000000e+02 
1.000000e+02 
