1.000000e+99 
1.600000e+01 
1.000000e+99 
4.400000e+02 
1.500000e-03 
1.000000e-03 
0.000000e+00 
0.000000e+00 
0.000000e+00 
5.000000e-06 
0.000000e+00 
1.000000e+99 
4.500000e+02 
1.300000e-03 
1.000000e-03 
0.000000e+00 
0.000000e+00 
0.000000e+00 
5.000000e-06 
-8.726646e-02 
1.000000e+99 
2.900000e+02 
2.000000e-03 
0.000000e+00 
0.000000e+00 
1.000000e+99 
3.100000e+02 
2.000000e-03 
0.000000e+00 
0.000000e+00 
1.000000e+99 
1.800000e+02 
2.800000e+02 
1.000000e+00 
1.000000e+00 
1.000000e+01 
1.500000e-02 
1.500000e-04 
0.000000e+00 
1.000000e+99 
8.000000e-02 
0.000000e+00 
0.000000e+00 
1.000000e+99 
1.000000e-03 
0.000000e+00 
0.000000e+00 
2.150000e-03 
-2.100000e-05 
3.000000e-07 
1.000000e+99 
1.000000e-03 
0.000000e+00 
0.000000e+00 
2.150000e-03 
-2.100000e-05 
3.000000e-07 
1.000000e+99 
2.180000e+02 
0.000000e+00 
8.000000e-02 
0.000000e+00 
0.000000e+00 
1.000000e+99 
2.330000e+02 
0.000000e+00 
1.000000e+99 
1.000000e+99 
1.250000e+02 
5.650000e+02 
6.890000e+02 
5.089348e-02 
1.047861e-01 
2.947814e-01 
2.000000e-02 
0.000000e+00 
0.000000e+00 
1.680000e-04 
0.000000e+00 
0.000000e+00 
1.025712e-03 
3.015653e-05 
1.000000e+99 
2.000000e-02 
0.000000e+00 
0.000000e+00 
5.000000e-04 
0.000000e+00 
0.000000e+00 
1.654405e-03 
2.179532e-05 
1.000000e+99 
7.812500e-05 
0.000000e+00 
0.000000e+00 
1.250000e-04 
0.000000e+00 
0.000000e+00 
5.797202e-03 
6.462278e-05 
1.000000e+99 
1.000000e+00 
4.870000e+02 
1.130000e+02 
